2939638212414546363
-1953848468396825515
-5779545045620643672
-1083006059224688713
8197692051593943359
8687647735595236853
-5639442665629567915
-5976232014398521361
-7932539204789387622
-8438638882940359693
4044558400160996110
7683392280007776078
2224391894296025266
-3131043757055589084
-7067672883163043965
-1931669902915623292
-4011836539591694173
2193383444632127414
7126696444519402969
-1755256345811124521
-2966038321485087685
236423977417093031
-3758406589844625879
-8698838598935676767
3778951506314776701
4103084225832623436
-9073764000302123264
-4842978976655818287
-1900324006361070561
-6384829776399152180
-5733343949621030946
-2515743227405271962
6449136339715168779
-5951417445471545437
6868150538759386039
-985074421947486984
4627769313064930274
1541498045371569440
6785786406022271861
-316887401100609233
-6410947315886674828
7420616501661071079
-2534530159074977677
-6339521577577400759
-1052886337824875959
8378663101252699247
-913955181128843517
4054603605017610136
-1791382196857404901
4314156455413211268
-4956131899474657046
-3471784490805965566
8624148860852793690
8865012016132087750
5307181046830600159
-6531068520911134336
182002626799990951
-7662637533152465111
-3647680040572264433
3472169101717940639
-1314853585903460775
-3747637034450941324
5818063457838793372
-6448446701360254462
1388661047183155451
1154160506262012610
2547060738240532505
-2373845290431767075
1575616345670994380
3398836577421399299
-4921516105111166192
-1272662159186254468
-43161010917470403
7983744699090096252
-775245614792531332
-6453616625942436678
-6792106978937550985
3197382013930818883
-1478659309265068977
8522973864848619914
1455740806835055314
-8321025182861151548
6280595862645354477
263384951144477298
5737057627172496991
-4158236949195026881
4516073003727292591
4720226822237080843
6580031454009196128
2469419171171285319
-62632341615056798
-5603901087525813117
-5360394704763846454
6300900712938901572
3446834580300382661
-287768492873322470
-6730984542586665014
-8507473506451195662
-6481498104699411698
-907324984182066776
-3148125133152187331
-3314683961226020640
-1490812206091947930
-4121210751228906474
8048239938874837046
-2601676246044501006
-3699180865149833624
239331003479013856
-3914443255407482500
-2050992208048919840
5014737256167824550
-4443770862538589286
6377609078534493193
652637788368089524
-1330585001099829212
7839366568392480360
4407180778878612620
-4781465116070554032
4264576399291776475
2874894306184497796
8738987221458985704
-3292622493538156826
7281642906932667703
3227052652344854971
6783200603230770355
-8903525274256848770
7131546773161233050
242488152233235952
109821051249680312
-4732127864070877837
-7461869229175467561
-2991852910425411688
-8246956908150059915
-6631415783116735498
-278629345744861001
-2456333957679770563
1205177464596363422
7987084283385560202
2652081022431359352
2955359937490390268
856272642373634456
-8249674991740065658
-9183738841101198008
-1516472989160780538
6612516796009033470
-705517615773839210
2243514490437195470
-4046805241169600478
4924497193951491360
-7079898806084037829
-1965325560999093086
-8631237086430975703
6064041022250215295
1039971884665373510
-5879015163978306608
485254678737629321
-8190604452564401325
3230802314518257249
-1280004404308944294
2444932292497228483
-3891506524426995195
5949160220120224646
-8599204047515762253
-399814070773342482
9093888611899802549
676883598622808453
5309844133845727556
-3734404787811879631
4736436987909013941
-2632320382316194429
2021251554553012458
4540160459139937612
2178883976298164491
-2353866589229903498
5274257315125394294
2476541693441256720
8550770835154971891
-2231368133625888086
7853711018835990828
2638186460550313698
-6274016339535396517
5449058681256435774
8384785781099516485
4459804882884671549
-4379185711435674266
4662161067325393320
-989111762242776723
3764311878383775789
-7096645432487086614
-7068333640694940371
5966363918184181317
-3109192217139735084
7494857054755481585
752495773206732394
-562692582151383070
4384102243373434600
5171082896825150268
-8570662956858471218
1883640989243739980
-3315620232333867469
-1542237335168711493
8438558936585030173
6031772004001657344
6499109410954430994
1445185835529283862
4869083017065918702
2923983961975723119
-668750139077584137
367939747317710631
-2654766458151011538
7971061614130916477
-6456938973919886873
5239044967911551614
-2818276540865046372
8425001435936902146
6365518473273804541
-2338218476020754980
-6860364146395441846
-738658928983037108
-8719884772497834011
-175889912309230152
-6010477621943758814
6712636161193722779
-3939121897474363806
-8363483618732901699
2628671384355635551
-5610828152768611932
-4124926177138725176
7699450667352521802
8105127960122691856
8974303541517490191
9212944843193382530
-135664691868785936
1935133154075098520
6215470170563123705
-1361009006880021875
-1704856598555264264
1051427518458024497
8229287030768747891
-8478829690184608261
-543234953342937381
-646385158811505308
5207674114786252288
-8922836873420396430
3869189259463860680
5189898338769196946
-4522039708339276005
-2073818470439181142
-6469361399160683999
4631756797092620655
-5602467301408846161
4498868065610274547
-1934143933726929922
701142258423317121
3702395385156556701
3811020851644541868
-2542924968573484120
-711554138133262427
7022222394697419834
3252235192104312269
105488297917788191
-5176794572329442933
7428649564025675982
-7014262345147828898
4340983705184255381
7192276011349742389
4438879460471574038
8661635918256723454
5190540387395645425
-951536373770338180
8234799391182695362
862289673663602013
-6209705963898329779
300381303692528779
7002459642182376184
5253186881912541634
-8039681673100777351
-8026834958505379742
-4435565669785911089
-1247417427705077627
-2694434333892340875
6258737247969675604
1998527869765259477
-2877616570082972522
4184183439401599482
-3001103341149290615
-6674158154407024758
7896252379867704565
-1575352991759133710
-4033282518474335107
7437749702124877026
-3386243413544428745
-5099991101236068356
2868556765234477439
1540432770095871687
6332998214155170312
3771058331774940649
817350135170821683
-7398988214294150251
8795293888644086691
-7186662891361021630
-5413319814504347887
-2596221200909687651
8002697799392522332
-1422836853398529089
-8400799387749381149
6471826977943847074
6035074140459033879
-6760504663950434351
-2049232463311858101
-1286376427709475234
-2908050278779762227
2926967499213196057
-3558558705109813190
2807394449735517950
2279716593559681038
-4946462797808574225
8638467507175469690
-5683270202473942878
-4446817491892334214
6853215253555379420
-988593044675167450
-1090496265016370977
9204537820708924999
982009061181990176
-4998203465511234515
-6440031095588247748
-7068165348432782402
-8689753087094182611
-7110896094946053678
-7716951330444136520
-6941611170652460354
6096411316761471017
2310569599105708334
8620887678516546882
7204373632684101176
6848102806379342704
805760769319788205
4765551086712884288
-7468680840138274383
3979910514525462800
3417276305739484301
-8881142572482288375
-3460713945960566845
-8722867872292672948
1172403254046062946
1133481619372869227
9182578486938677404
7757056142688621082
-6022450174722603371
7274014084693504037
-7859100686553008003
8348235507033132965
4084026389620768480
5651917203947412846
6001171188118134332
-4445778424991508277
4868578955900202195
-291063968614678675
-3155901800986648126
7665564214951150751
7087789893404950867
6775998011732297662
3794727876768184974
8164823909306711528
4207404889616222741
1232706415025324787
-8050319206345640399
-5639427712629343
8337205827976296487
1140839579724350225
-6987017000449988912
4115765002760914295
-1975876632390764952
-8095017948742559217
-6426585348814429787
-2788192325039541682
1111556917252395019
-2367336265469811622
-8033612284654858882
4280425637104942780
-2379343394835994856
-2758073251044285612
-6286924482939895491
-6902353532715655795
7418678370861857515
-8586961327485786160
-3283736705808485802
-7115925487303060419
5872791156853915315
-2980115473282773864
-5215681317357898924
7518587072971595137
-8350006969680707596
-3833219053313015576
-3200300238037794220
5589931738776820670
-5122576842099122938
-6492394420413013264
499781436110448520
-188701567621686384
-2069533961823712365
6094829198576970325
-4243582340597996619
-8584415167371450811
-467408875765780707
2273713352358945456
-3401802162421043531
-3263975488261020576
-7579140685973651594
3592758339384849933
-1516759212846610954
-928166533577404394
-4919039509851046075
-8417795846998096018
-3564518744110970118
-8225433915834058796
3245996954157990536
4040080633066904902
5840490346081120725
6995871959352594615
6022361306615137549
3914641600130096127
-8746256945861279822
7261536607597779218
-6810438171593764617
4609957345470566516
6206064349864597838
-6212254235830711572
-5477793099041622721
-3206880604498474377
44039385613459835
-3973532400873562497
-6734469893688259535
3768536131736766284
-4821859375669631073
1820476843256470714
3391510964955533803
-3845835840757470164
-5744789833078102478
1705788208023667136
-3129631732256437535
4490397982448734404
3898895450535039300
6746170992714018663
308238460220684892
-2009440648897898061
-6278305299368626956
5371209316655804346
4275518805190437110
-7384739788761423089
-8043892776835456006
527916598364522360
-187199771639678177
-626294804308116767
7605595490692314654
-2462626582708496238
3088832283162367899
-2936767915275981916
386778944951654078
-737304465271876431
-7242224928437019134
-8821506662117681462
-3177961728248700084
7566577838116339629
6966682942511033663
-7250531358915141833
5687907375439469006
5266862108969304599
-7733119965733045742
7698777799801889732
2135073810527098717
-6879238146171843664
2769029689342375310
1946564342622603709
8709112982128617126
-5599079743821445648
-6638938195888356453
911816787083384676
-3572757190111355284
-5015275804218698112
-6997236010524769931
-1861792605965197716
-6976928556947484668
4222015061529113024
-1490594738876916693
-5708723498683255170
1935047202446018007
7965531465683828034
-7031021444288432351
-4217447429641304137
723927717057778147
-2664128792705957299
7719824569608692366
-1997361861631384280
3283333030106737723
862200205081653339
-5784570452300275201
-5407562443747674283
6366493514176274818
9035080188945510299
5523396317502538450
2030018751868434103
3420015420310671732
6602586993489920879
2740871259076936380
4953576157917918778
-6206266111645991586
4564423840965557487
264624743494714948
-539778836478689857
2315195844032358049
5341922392951045477
6755211370108985157
-1668078118729485157
-424307924185891533
1216996280321018063
-8745826089172425872
-3238486011734893546
-3504942865322123747
-7988102825990641567
-8334462220484472120
67963374748064238
2075152215629275646
505648225066917120
2206705197637914148
-9046926871226674479
-8587856645688001658
-2768403378855222841
-4557454428641370704
-6834923489202137882
935627425549133308
-311017288484979066
-8043249194323835028
8853166456779608645
4818573526558024633
1123961673472928318
-780606049712425557
7267019095675267962
9209648185144577195
6054679594725817766
-6987181729134203498
-5388799894991140346
7026936050285325523
-2212209332910344791
5989031080371688871
-3131911119627547938
-1448338684680768825
421356623825503718
3018123807766367278
423217595394013418
6809713797073415729
-6828364322660353233
794924261854154191
2854867270558242695
8532232478880570957
3846045451962740234
7348265433791392770
-3756003624312816378
-1762314212654329745
408794597318231347
6930652856154198930
7732256649428909355
8552632644534619771
307677463164995608
-821000967636065505
2426377987370640302
4878271560873319787
9050565645379469660
-3893094453792616036
6302849789703028413
-9105709464297436211
7704238416777703764
-2903825109252987695
-548443106838775432
1217868310774403138
1480337519911522445
5451920077829109722
6523616521375090292
3286027974897858561
3817126609619657284
-8855397863842377306
-4137057010561705415
-6153992770841434799
2169053864435209964
7166350064764914553
-6529771798219803196
4377734469361170
8803745578360258220
-7368032833444231318
-5508144010580754170
-3851481168843101643
2470324393604434910
3602433505847097062
4631490790122206562
3876523999382028863
3201749938130167186
-1319262852693266133
7503365714471311411
3803465011689426379
-4353233620954478072
-4954459858089797170
8199441827502572868
6255935158909874693
-7770652662731144902
727314505161479989
-1298882974237128362
9198304940323598383
-7504035183407964336
7043438911426238750
55371126818737309
-4116863318802721761
-3177832317905529047
4758697973403184919
5076545897027571011
5264727722329223871
3236590109769686233
-194568437466353917
1893948404502292964
-4353076395815225204
-3733430614650382299
-1204896497579185253
-6776695879880557551
7626247055489714200
-5626357858237962487
3314018210315320042
-1972535751648296243
-9127001688139306871
-525108698198118350
-7793874876252861232
6973576139149122835
-561869384236235753
-105827786334583419
-3700036364305051263
597829583805699150
6313586702657599121
2284731209810384534
-2194715148244062205
5079781151078594270
3058828000666348505
-1092545711020281038
-7372733305149223757
-5186193025834057062
3327461560557653603
-1395612721348649515
-1699796639964520511
-8584796016812794039
7688401286844745147
6558746024360013364
-8410517904004097105
57978996162275624
-7225493278024514308
-3522643684574477387
-1372458504015535146
-6685627481739949209
3229982354578778457
-446016973076805646
6632852001097143008
7704299142680799915
7444134813580290199
-5249531704366251718
-6387612552174251697
1688007351309868942
6307085531215679377
3220710409889461520
4251765343050300405
3820614407106101531
6723670905010786483
-8677612581856601430
-1401900151634863494
-8840944481416265902
5874778336894706304
7559455251799399795
-4757881558519405094
-5605670430352994902
-6261314766436995571
6327175413012901769
156397742402379492
-4495946430569505398
282072261145693571
-6906016202579563457
8601002425905886396
-7775442712963847986
2619645787271355040
-2461165514805097827
2193823836308306777
-3065177673538089912
7106676012676484407
1452436132354007003
-3432521722371378680
3022760637556224573
5542573078730320299
-7383709020230422038
-3105744237640967705
1109736187191332068
5481916291061317496
5755576066587498987
612047345262451819
-2464651720339660565
-3282749895193430101
-7343284084501432651
8143475749528715738
-8154034921778241551
-3391754117265869979
4582866845733433171
8903651695316826066
8687321150545466125
-1400607312161867173
-653240457886825084
9205357320619993024
-928648669866781370
3818563420410902873
-6864481892155754438
-8140863128381514390
-704334322439168488
-1530711726446587718
6104129229952710171
646259889388240230
1657435714032999413
4198951961096254194
4782913750963478531
-1750758917299188832
-936898209015505214
-5848206038990204155
1127810629011544960
4160329759836897752
129387367008293462
-8707685825137843443
-3484597445273258667
-3967323748853549535
-396443913333651202
222877370019766967
-2006569934550707209
-9185490691070799516
8564467822717638140
4089186649400475078
2074162226294503955
-4748220389904624165
4752875976571041795
-213221753517753713
3361477665027758342
6651414879758726550
-3696493232325209155
-984810137987827588
3463097374620808035
-1189279372849563399
-7606055645970760123
-2459748379147780471
1998493289926053745
6883423150148859196
-821006378797541459
-361421312616949302
9177086352060807595
-4348279226618031382
-8641102267446266502
2410645885976988643
7029515440740833086
2880891873792730210
-2614223234841961181
4202352444560738702
1989094330013452430
-5904499411743929254
1967491319561637525
-5972815879622293223
6590850187126807473
5517738564587549783
-8164468568654340430
2694040987577557221
-4400577501163811086
5490134438617273141
-8565569881954164275
5683479254444520936
-6847959247750765744
-9080950307234806875
-3975175544808004049
-1390632539203306964
1340191408186392316
3604643513787181738
-2924013332827472234
-107602077504537778
8133187398147219422
8586614315326434843
-2900316476449153871
8964650839082041600
5887747679978069521
495808331182062373
5923030341868632997
-7990675135537759353
-8518499542996844957
3087640167853546694
-248503360897656181
2277753009446011453
-8239606893360130858
-3193257677640785325
3382298188845205231
-3432149683101965808
5245906773558589218
-4985247705382038029
-5510407429185472686
-2896521462728115199
97032924953182000
-6657432168532557023
-2096387174370658902
2772887277023867815
2847666043923537312
-1288280609349464787
-8404555900124849699
-5081301206455997015
16353194335484996
-2874195128585857604
-756864271971724215
5740470861770366536
-989649736903429981
-345013312128896188
8420705128651966527
-2386775374120261678
-2449390101341061513
-3360742828543412335
6311406348220200579
-4442030538463868624
5737955667094514223
5398131026762483267
-5463301252488644658
-4480743908986086311
-8343685069943202962
-3743669638640403635
-8580372507677735092
-4682435880789170980
8232062036535906186
4130599140558856568
-2550691059578725089
991364832220622427
-1841655194395304946
1556218573591066846
1476551724185721050
4079865712187390730
996223362118631736
1555169314738179439
9207942980733139974
4246465485831569972
-1839197688789496709
-592965839069094545
3237919574331536544
484130580797685430
-1693004704942814465
-2194386498629169162
8760073914731952025
-8960664095367770750
4111040712103758876
-241614619790918801
8212546209022094165
1312524735865183262
-6817076829271182365
-7901348153877316583
91539735502168621
340235204593313571
-1406911601687274091
7782408204663822985
2869914827753071853
7906876009629239486
-8831547052879196631
-3254486832750443994
-1621585674309644970
1878669789961590577
3600487843176167114
2528129012904036268
7615816555699089565
-8457311049932106925
-8393003621351454889
-8580131361606860886
-5225072334835787286
5218342076014651148
7694670596206334178
2865721231198790916
2318452043693823194
-310093257209170981
-3396747385124882382
-7001734966437195919
8860575101022013438
4983263563978895696
-424489816292263871
-7485744489737520643
-4265325704272732326
8532988844774792081
3359365852772627645
-3374243864735229559
-8106895933638654234
-1344001856706792999
-7732500694198428533
-2932936825912736954
4288904075022464273
284786364224701685
-4478583006600078272
-9007025339089263810
-5738204779333384903
4386038507652666821
523659955535634598
1797964445848978123
5416840507327439412
-7876123923480689727
9124665400011680062
-2831843820945498338
576217001690136778
-7588739586020963471
-5998786488927114568
-6060891035247734855
9084751835872275000
6451117245268366580
2849505581007765884
-7294407986595562251
2582195194659903150
-1204777023602994566
948676207726343204
-6542251151526041987
8325191646667593682
-4780374669669699894
4781552464460842496
-6807956196264314415
-735290372435406020
-6181505658591130691
6800153506165365136
-3688817572873635643
-1483214234854716168
-6041540232386096959
-2089968996189756658
-3844727834014289921
5490741668668113415
4311071864158488919
-2339432400906818846
-1421533968439755396
1493003772191527645
-7487986092982496364
7334511785407520811
-5067392139473819893
7582829606460849636
-2299528110973854044
5215148246434413373
-2221984060588375856
-1716972756827936264
-8193782917688215229
8211493006180331549
-1991981178473225277
-6706784233968631574
-607557866856599486
-4238540731863584505
1419117242318615599
-7505838124340274691
1141325849996639496
-2492966083648765719
-6062187653186799565
3792714506837800044
-2624268037509069810
4076241009662809573
3660066040792972868
6681813004345672162
-6622815346898967710
5384264848710781907
-8935761332572892247
-6120580384141754112
4210781173093273893
-4896168300135913796
6237821873644243710
3132170960075843546
6009218702753040909
-7313018691881097888
7573530854554899122
-7799669659630690694
5537831226412011492
-7470971428727233615
-1574963329260643448
1795599520091113820
8896041647801956358
-8579414510577103530
2747066758128766746
6426249238622659569
8466994939952499175
3338011793094778921
-150546871551764911
8637620414694222620
-5885269987780285045
1193097066223320761
3120441430780375022
8375706515529668536
1996136971860732428
-8494340980391570743
-2078809391253301499
-524628867915667185
-8285004802970176488
7740868601843761103
-652605843262523011
6653958220373229412
-3297759193270088591
-7461432201303153290
3606747848097529489
6064914506155869803
-3543668786530521493
-3786763139875458532
5833958961169014097
-2376137190037557300
1968974832239152753
