-9185490691070799516
-9183738841101198008
-9127001688139306871
-9105709464297436211
-9080950307234806875
-9073764000302123264
-9046926871226674479
-9007025339089263810
-8960664095367770750
-8935761332572892247
-8922836873420396430
-8903525274256848770
-8881142572482288375
-8855397863842377306
-8840944481416265902
-8831547052879196631
-8821506662117681462
-8746256945861279822
-8745826089172425872
-8722867872292672948
-8719884772497834011
-8707685825137843443
-8698838598935676767
-8689753087094182611
-8677612581856601430
-8641102267446266502
-8631237086430975703
-8599204047515762253
-8587856645688001658
-8586961327485786160
-8584796016812794039
-8584415167371450811
-8580372507677735092
-8580131361606860886
-8579414510577103530
-8570662956858471218
-8565569881954164275
-8518499542996844957
-8507473506451195662
-8494340980391570743
-8478829690184608261
-8457311049932106925
-8438638882940359693
-8417795846998096018
-8410517904004097105
-8404555900124849699
-8400799387749381149
-8393003621351454889
-8363483618732901699
-8350006969680707596
-8343685069943202962
-8334462220484472120
-8321025182861151548
-8285004802970176488
-8249674991740065658
-8246956908150059915
-8239606893360130858
-8225433915834058796
-8193782917688215229
-8190604452564401325
-8164468568654340430
-8154034921778241551
-8140863128381514390
-8106895933638654234
-8095017948742559217
-8050319206345640399
-8043892776835456006
-8043249194323835028
-8039681673100777351
-8033612284654858882
-8026834958505379742
-7990675135537759353
-7988102825990641567
-7932539204789387622
-7901348153877316583
-7876123923480689727
-7859100686553008003
-7799669659630690694
-7793874876252861232
-7775442712963847986
-7770652662731144902
-7733119965733045742
-7732500694198428533
-7716951330444136520
-7662637533152465111
-7606055645970760123
-7588739586020963471
-7579140685973651594
-7505838124340274691
-7504035183407964336
-7487986092982496364
-7485744489737520643
-7470971428727233615
-7468680840138274383
-7461869229175467561
-7461432201303153290
-7398988214294150251
-7384739788761423089
-7383709020230422038
-7372733305149223757
-7368032833444231318
-7343284084501432651
-7313018691881097888
-7294407986595562251
-7250531358915141833
-7242224928437019134
-7225493278024514308
-7186662891361021630
-7115925487303060419
-7110896094946053678
-7096645432487086614
-7079898806084037829
-7068333640694940371
-7068165348432782402
-7067672883163043965
-7031021444288432351
-7014262345147828898
-7001734966437195919
-6997236010524769931
-6987181729134203498
-6987017000449988912
-6976928556947484668
-6941611170652460354
-6906016202579563457
-6902353532715655795
-6879238146171843664
-6864481892155754438
-6860364146395441846
-6847959247750765744
-6834923489202137882
-6828364322660353233
-6817076829271182365
-6810438171593764617
-6807956196264314415
-6792106978937550985
-6776695879880557551
-6760504663950434351
-6734469893688259535
-6730984542586665014
-6706784233968631574
-6685627481739949209
-6674158154407024758
-6657432168532557023
-6638938195888356453
-6631415783116735498
-6622815346898967710
-6542251151526041987
-6531068520911134336
-6529771798219803196
-6492394420413013264
-6481498104699411698
-6469361399160683999
-6456938973919886873
-6453616625942436678
-6448446701360254462
-6440031095588247748
-6426585348814429787
-6410947315886674828
-6387612552174251697
-6384829776399152180
-6339521577577400759
-6286924482939895491
-6278305299368626956
-6274016339535396517
-6261314766436995571
-6212254235830711572
-6209705963898329779
-6206266111645991586
-6181505658591130691
-6153992770841434799
-6120580384141754112
-6062187653186799565
-6060891035247734855
-6041540232386096959
-6022450174722603371
-6010477621943758814
-5998786488927114568
-5976232014398521361
-5972815879622293223
-5951417445471545437
-5904499411743929254
-5885269987780285045
-5879015163978306608
-5848206038990204155
-5784570452300275201
-5779545045620643672
-5744789833078102478
-5738204779333384903
-5733343949621030946
-5708723498683255170
-5683270202473942878
-5639442665629567915
-5626357858237962487
-5610828152768611932
-5605670430352994902
-5603901087525813117
-5602467301408846161
-5599079743821445648
-5510407429185472686
-5508144010580754170
-5477793099041622721
-5463301252488644658
-5413319814504347887
-5407562443747674283
-5388799894991140346
-5360394704763846454
-5249531704366251718
-5225072334835787286
-5215681317357898924
-5186193025834057062
-5176794572329442933
-5122576842099122938
-5099991101236068356
-5081301206455997015
-5067392139473819893
-5015275804218698112
-4998203465511234515
-4985247705382038029
-4956131899474657046
-4954459858089797170
-4946462797808574225
-4921516105111166192
-4919039509851046075
-4896168300135913796
-4842978976655818287
-4821859375669631073
-4781465116070554032
-4780374669669699894
-4757881558519405094
-4748220389904624165
-4732127864070877837
-4682435880789170980
-4557454428641370704
-4522039708339276005
-4495946430569505398
-4480743908986086311
-4478583006600078272
-4446817491892334214
-4445778424991508277
-4443770862538589286
-4442030538463868624
-4435565669785911089
-4400577501163811086
-4379185711435674266
-4353233620954478072
-4353076395815225204
-4348279226618031382
-4265325704272732326
-4243582340597996619
-4238540731863584505
-4217447429641304137
-4158236949195026881
-4137057010561705415
-4124926177138725176
-4121210751228906474
-4116863318802721761
-4046805241169600478
-4033282518474335107
-4011836539591694173
-3975175544808004049
-3973532400873562497
-3967323748853549535
-3939121897474363806
-3914443255407482500
-3893094453792616036
-3891506524426995195
-3851481168843101643
-3845835840757470164
-3844727834014289921
-3833219053313015576
-3786763139875458532
-3758406589844625879
-3756003624312816378
-3747637034450941324
-3743669638640403635
-3734404787811879631
-3733430614650382299
-3700036364305051263
-3699180865149833624
-3696493232325209155
-3688817572873635643
-3647680040572264433
-3572757190111355284
-3564518744110970118
-3558558705109813190
-3543668786530521493
-3522643684574477387
-3504942865322123747
-3484597445273258667
-3471784490805965566
-3460713945960566845
-3432521722371378680
-3432149683101965808
-3401802162421043531
-3396747385124882382
-3391754117265869979
-3386243413544428745
-3374243864735229559
-3360742828543412335
-3315620232333867469
-3314683961226020640
-3297759193270088591
-3292622493538156826
-3283736705808485802
-3282749895193430101
-3263975488261020576
-3254486832750443994
-3238486011734893546
-3206880604498474377
-3200300238037794220
-3193257677640785325
-3177961728248700084
-3177832317905529047
-3155901800986648126
-3148125133152187331
-3131911119627547938
-3131043757055589084
-3129631732256437535
-3109192217139735084
-3105744237640967705
-3065177673538089912
-3001103341149290615
-2991852910425411688
-2980115473282773864
-2966038321485087685
-2936767915275981916
-2932936825912736954
-2924013332827472234
-2908050278779762227
-2903825109252987695
-2900316476449153871
-2896521462728115199
-2877616570082972522
-2874195128585857604
-2831843820945498338
-2818276540865046372
-2788192325039541682
-2768403378855222841
-2758073251044285612
-2694434333892340875
-2664128792705957299
-2654766458151011538
-2632320382316194429
-2624268037509069810
-2614223234841961181
-2601676246044501006
-2596221200909687651
-2550691059578725089
-2542924968573484120
-2534530159074977677
-2515743227405271962
-2492966083648765719
-2464651720339660565
-2462626582708496238
-2461165514805097827
-2459748379147780471
-2456333957679770563
-2449390101341061513
-2386775374120261678
-2379343394835994856
-2376137190037557300
-2373845290431767075
-2367336265469811622
-2353866589229903498
-2339432400906818846
-2338218476020754980
-2299528110973854044
-2231368133625888086
-2221984060588375856
-2212209332910344791
-2194715148244062205
-2194386498629169162
-2096387174370658902
-2089968996189756658
-2078809391253301499
-2073818470439181142
-2069533961823712365
-2050992208048919840
-2049232463311858101
-2009440648897898061
-2006569934550707209
-1997361861631384280
-1991981178473225277
-1975876632390764952
-1972535751648296243
-1965325560999093086
-1953848468396825515
-1934143933726929922
-1931669902915623292
-1900324006361070561
-1861792605965197716
-1841655194395304946
-1839197688789496709
-1791382196857404901
-1762314212654329745
-1755256345811124521
-1750758917299188832
-1716972756827936264
-1704856598555264264
-1699796639964520511
-1693004704942814465
-1668078118729485157
-1621585674309644970
-1575352991759133710
-1574963329260643448
-1542237335168711493
-1530711726446587718
-1516759212846610954
-1516472989160780538
-1490812206091947930
-1490594738876916693
-1483214234854716168
-1478659309265068977
-1448338684680768825
-1422836853398529089
-1421533968439755396
-1406911601687274091
-1401900151634863494
-1400607312161867173
-1395612721348649515
-1390632539203306964
-1372458504015535146
-1361009006880021875
-1344001856706792999
-1330585001099829212
-1319262852693266133
-1314853585903460775
-1298882974237128362
-1288280609349464787
-1286376427709475234
-1280004404308944294
-1272662159186254468
-1247417427705077627
-1204896497579185253
-1204777023602994566
-1189279372849563399
-1092545711020281038
-1090496265016370977
-1083006059224688713
-1052886337824875959
-989649736903429981
-989111762242776723
-988593044675167450
-985074421947486984
-984810137987827588
-951536373770338180
-936898209015505214
-928648669866781370
-928166533577404394
-913955181128843517
-907324984182066776
-821006378797541459
-821000967636065505
-780606049712425557
-775245614792531332
-756864271971724215
-738658928983037108
-737304465271876431
-735290372435406020
-711554138133262427
-705517615773839210
-704334322439168488
-668750139077584137
-653240457886825084
-652605843262523011
-646385158811505308
-626294804308116767
-607557866856599486
-592965839069094545
-562692582151383070
-561869384236235753
-548443106838775432
-543234953342937381
-539778836478689857
-525108698198118350
-524628867915667185
-467408875765780707
-446016973076805646
-424489816292263871
-424307924185891533
-399814070773342482
-396443913333651202
-361421312616949302
-345013312128896188
-316887401100609233
-311017288484979066
-310093257209170981
-291063968614678675
-287768492873322470
-278629345744861001
-248503360897656181
-241614619790918801
-213221753517753713
-194568437466353917
-188701567621686384
-187199771639678177
-175889912309230152
-150546871551764911
-135664691868785936
-107602077504537778
-105827786334583419
-62632341615056798
-43161010917470403
-5639427712629343
4377734469361170
16353194335484996
44039385613459835
55371126818737309
57978996162275624
67963374748064238
91539735502168621
97032924953182000
105488297917788191
109821051249680312
129387367008293462
156397742402379492
182002626799990951
222877370019766967
236423977417093031
239331003479013856
242488152233235952
263384951144477298
264624743494714948
282072261145693571
284786364224701685
300381303692528779
307677463164995608
308238460220684892
340235204593313571
367939747317710631
386778944951654078
408794597318231347
421356623825503718
423217595394013418
484130580797685430
485254678737629321
495808331182062373
499781436110448520
505648225066917120
523659955535634598
527916598364522360
576217001690136778
597829583805699150
612047345262451819
646259889388240230
652637788368089524
676883598622808453
701142258423317121
723927717057778147
727314505161479989
752495773206732394
794924261854154191
805760769319788205
817350135170821683
856272642373634456
862200205081653339
862289673663602013
911816787083384676
935627425549133308
948676207726343204
982009061181990176
991364832220622427
996223362118631736
1039971884665373510
1051427518458024497
1109736187191332068
1111556917252395019
1123961673472928318
1127810629011544960
1133481619372869227
1140839579724350225
1141325849996639496
1154160506262012610
1172403254046062946
1193097066223320761
1205177464596363422
1216996280321018063
1217868310774403138
1232706415025324787
1312524735865183262
1340191408186392316
1388661047183155451
1419117242318615599
1445185835529283862
1452436132354007003
1455740806835055314
1476551724185721050
1480337519911522445
1493003772191527645
1540432770095871687
1541498045371569440
1555169314738179439
1556218573591066846
1575616345670994380
1657435714032999413
1688007351309868942
1705788208023667136
1795599520091113820
1797964445848978123
1820476843256470714
1878669789961590577
1883640989243739980
1893948404502292964
1935047202446018007
1935133154075098520
1946564342622603709
1967491319561637525
1968974832239152753
1989094330013452430
1996136971860732428
1998493289926053745
1998527869765259477
2021251554553012458
2030018751868434103
2074162226294503955
2075152215629275646
2135073810527098717
2169053864435209964
2178883976298164491
2193383444632127414
2193823836308306777
2206705197637914148
2224391894296025266
2243514490437195470
2273713352358945456
2277753009446011453
2279716593559681038
2284731209810384534
2310569599105708334
2315195844032358049
2318452043693823194
2410645885976988643
2426377987370640302
2444932292497228483
2469419171171285319
2470324393604434910
2476541693441256720
2528129012904036268
2547060738240532505
2582195194659903150
2619645787271355040
2628671384355635551
2638186460550313698
2652081022431359352
2694040987577557221
2740871259076936380
2747066758128766746
2769029689342375310
2772887277023867815
2807394449735517950
2847666043923537312
2849505581007765884
2854867270558242695
2865721231198790916
2868556765234477439
2869914827753071853
2874894306184497796
2880891873792730210
2923983961975723119
2926967499213196057
2939638212414546363
2955359937490390268
3018123807766367278
3022760637556224573
3058828000666348505
3087640167853546694
3088832283162367899
3120441430780375022
3132170960075843546
3197382013930818883
3201749938130167186
3220710409889461520
3227052652344854971
3229982354578778457
3230802314518257249
3236590109769686233
3237919574331536544
3245996954157990536
3252235192104312269
3283333030106737723
3286027974897858561
3314018210315320042
3327461560557653603
3338011793094778921
3359365852772627645
3361477665027758342
3382298188845205231
3391510964955533803
3398836577421399299
3417276305739484301
3420015420310671732
3446834580300382661
3463097374620808035
3472169101717940639
3592758339384849933
3600487843176167114
3602433505847097062
3604643513787181738
3606747848097529489
3660066040792972868
3702395385156556701
3764311878383775789
3768536131736766284
3771058331774940649
3778951506314776701
3792714506837800044
3794727876768184974
3803465011689426379
3811020851644541868
3817126609619657284
3818563420410902873
3820614407106101531
3846045451962740234
3869189259463860680
3876523999382028863
3898895450535039300
3914641600130096127
3979910514525462800
4040080633066904902
4044558400160996110
4054603605017610136
4076241009662809573
4079865712187390730
4084026389620768480
4089186649400475078
4103084225832623436
4111040712103758876
4115765002760914295
4130599140558856568
4160329759836897752
4184183439401599482
4198951961096254194
4202352444560738702
4207404889616222741
4210781173093273893
4222015061529113024
4246465485831569972
4251765343050300405
4264576399291776475
4275518805190437110
4280425637104942780
4288904075022464273
4311071864158488919
4314156455413211268
4340983705184255381
4384102243373434600
4386038507652666821
4407180778878612620
4438879460471574038
4459804882884671549
4490397982448734404
4498868065610274547
4516073003727292591
4540160459139937612
4564423840965557487
4582866845733433171
4609957345470566516
4627769313064930274
4631490790122206562
4631756797092620655
4662161067325393320
4720226822237080843
4736436987909013941
4752875976571041795
4758697973403184919
4765551086712884288
4781552464460842496
4782913750963478531
4818573526558024633
4868578955900202195
4869083017065918702
4878271560873319787
4924497193951491360
4953576157917918778
4983263563978895696
5014737256167824550
5076545897027571011
5079781151078594270
5171082896825150268
5189898338769196946
5190540387395645425
5207674114786252288
5215148246434413373
5218342076014651148
5239044967911551614
5245906773558589218
5253186881912541634
5264727722329223871
5266862108969304599
5274257315125394294
5307181046830600159
5309844133845727556
5341922392951045477
5371209316655804346
5384264848710781907
5398131026762483267
5416840507327439412
5449058681256435774
5451920077829109722
5481916291061317496
5490134438617273141
5490741668668113415
5517738564587549783
5523396317502538450
5537831226412011492
5542573078730320299
5589931738776820670
5651917203947412846
5683479254444520936
5687907375439469006
5737057627172496991
5737955667094514223
5740470861770366536
5755576066587498987
5818063457838793372
5833958961169014097
5840490346081120725
5872791156853915315
5874778336894706304
5887747679978069521
5923030341868632997
5949160220120224646
5966363918184181317
5989031080371688871
6001171188118134332
6009218702753040909
6022361306615137549
6031772004001657344
6035074140459033879
6054679594725817766
6064041022250215295
6064914506155869803
6094829198576970325
6096411316761471017
6104129229952710171
6206064349864597838
6215470170563123705
6237821873644243710
6255935158909874693
6258737247969675604
6280595862645354477
6300900712938901572
6302849789703028413
6307085531215679377
6311406348220200579
6313586702657599121
6327175413012901769
6332998214155170312
6365518473273804541
6366493514176274818
6377609078534493193
6426249238622659569
6449136339715168779
6451117245268366580
6471826977943847074
6499109410954430994
6523616521375090292
6558746024360013364
6580031454009196128
6590850187126807473
6602586993489920879
6612516796009033470
6632852001097143008
6651414879758726550
6653958220373229412
6681813004345672162
6712636161193722779
6723670905010786483
6746170992714018663
6755211370108985157
6775998011732297662
6783200603230770355
6785786406022271861
6800153506165365136
6809713797073415729
6848102806379342704
6853215253555379420
6868150538759386039
6883423150148859196
6930652856154198930
6966682942511033663
6973576139149122835
6995871959352594615
7002459642182376184
7022222394697419834
7026936050285325523
7029515440740833086
7043438911426238750
7087789893404950867
7106676012676484407
7126696444519402969
7131546773161233050
7166350064764914553
7192276011349742389
7204373632684101176
7261536607597779218
7267019095675267962
7274014084693504037
7281642906932667703
7334511785407520811
7348265433791392770
7418678370861857515
7420616501661071079
7428649564025675982
7437749702124877026
7444134813580290199
7494857054755481585
7503365714471311411
7518587072971595137
7559455251799399795
7566577838116339629
7573530854554899122
7582829606460849636
7605595490692314654
7615816555699089565
7626247055489714200
7665564214951150751
7683392280007776078
7688401286844745147
7694670596206334178
7698777799801889732
7699450667352521802
7704238416777703764
7704299142680799915
7719824569608692366
7732256649428909355
7740868601843761103
7757056142688621082
7782408204663822985
7839366568392480360
7853711018835990828
7896252379867704565
7906876009629239486
7965531465683828034
7971061614130916477
7983744699090096252
7987084283385560202
8002697799392522332
8048239938874837046
8105127960122691856
8133187398147219422
8143475749528715738
8164823909306711528
8197692051593943359
8199441827502572868
8211493006180331549
8212546209022094165
8229287030768747891
8232062036535906186
8234799391182695362
8325191646667593682
8337205827976296487
8348235507033132965
8375706515529668536
8378663101252699247
8384785781099516485
8420705128651966527
8425001435936902146
8438558936585030173
8466994939952499175
8522973864848619914
8532232478880570957
8532988844774792081
8550770835154971891
8552632644534619771
8564467822717638140
8586614315326434843
8601002425905886396
8620887678516546882
8624148860852793690
8637620414694222620
8638467507175469690
8661635918256723454
8687321150545466125
8687647735595236853
8709112982128617126
8738987221458985704
8760073914731952025
8795293888644086691
8803745578360258220
8853166456779608645
8860575101022013438
8865012016132087750
8896041647801956358
8903651695316826066
8964650839082041600
8974303541517490191
9035080188945510299
9050565645379469660
9084751835872275000
9093888611899802549
9124665400011680062
9177086352060807595
9182578486938677404
9198304940323598383
9204537820708924999
9205357320619993024
9207942980733139974
9209648185144577195
9212944843193382530
